-9.978970000000000340e-01 -5.378020000000000023e-01 1.000000000000000000e+00
-5.616799999999999571e-01 -1.160821000000000103e+00 1.000000000000000000e+00
1.180225000000000080e+00 6.765470000000000095e-01 1.000000000000000000e+00
-1.389399000000000051e+00 -1.219410000000000105e+00 1.000000000000000000e+00
9.318239999999999856e-01 8.428959999999999786e-01 0.000000000000000000e+00
-4.765980000000000216e-01 -1.442191999999999918e+00 1.000000000000000000e+00
-8.719500000000000028e-01 -4.955789999999999917e-01 1.000000000000000000e+00
1.928600000000000106e-02 -1.204904999999999893e+00 1.000000000000000000e+00
1.285606000000000027e+00 1.275911999999999935e+00 1.000000000000000000e+00
-1.498383000000000020e+00 1.456647000000000025e+00 1.000000000000000000e+00
5.055969999999999631e-01 2.878160000000000163e-01 0.000000000000000000e+00
-3.319739999999999913e-01 -7.079299999999999482e-01 0.000000000000000000e+00
-7.236850000000000227e-01 -1.254159999999999942e+00 1.000000000000000000e+00
1.903960000000000097e-01 -1.065890000000000004e+00 1.000000000000000000e+00
-1.313970000000000082e+00 -7.275909999999999878e-01 1.000000000000000000e+00
1.109717000000000064e+00 -7.335469999999999491e-01 1.000000000000000000e+00
-7.142560000000000020e-01 1.292724999999999902e+00 1.000000000000000000e+00
4.629969999999999919e-01 -2.067049999999999998e-01 0.000000000000000000e+00
-1.022135999999999934e+00 -9.416459999999999830e-01 1.000000000000000000e+00
2.237689999999999957e-01 -1.045145999999999908e+00 1.000000000000000000e+00
-7.401649999999999618e-01 1.037584000000000062e+00 0.000000000000000000e+00
4.672189999999999954e-01 7.407650000000000068e-01 0.000000000000000000e+00
1.173119999999999996e-01 -1.318815000000000071e+00 1.000000000000000000e+00
1.205286000000000080e+00 1.154484000000000066e+00 1.000000000000000000e+00
5.057509999999999506e-01 1.399888000000000021e+00 1.000000000000000000e+00
7.404789999999999983e-01 -1.471754999999999924e+00 1.000000000000000000e+00
-2.848700000000000121e-01 -2.090519999999999878e-01 0.000000000000000000e+00
-8.959890000000000354e-01 -6.718180000000000263e-01 1.000000000000000000e+00
-1.459748000000000046e+00 1.221832999999999947e+00 1.000000000000000000e+00
-4.609210000000000251e-01 -8.590670000000000250e-01 1.000000000000000000e+00
5.191839999999999788e-01 3.235910000000000175e-01 0.000000000000000000e+00
8.078920000000000545e-01 7.462699999999999889e-01 0.000000000000000000e+00
-1.485484999999999944e+00 6.188059999999999672e-01 1.000000000000000000e+00
1.326810999999999963e+00 -1.074132000000000087e+00 1.000000000000000000e+00
4.540830000000000144e-01 -1.083809999999999940e+00 1.000000000000000000e+00
-2.628099999999999881e-01 -1.494542999999999955e+00 1.000000000000000000e+00
1.443067000000000100e+00 -1.446787999999999963e+00 1.000000000000000000e+00
-1.134811999999999932e+00 -1.114184000000000063e+00 1.000000000000000000e+00
8.762079999999999869e-01 -1.426493999999999929e+00 1.000000000000000000e+00
-7.219879999999999631e-01 -9.997759999999999980e-01 1.000000000000000000e+00
-4.694399999999999962e-02 5.387420000000000542e-01 0.000000000000000000e+00
-1.030389999999999917e+00 -9.990820000000000256e-01 1.000000000000000000e+00
7.651800000000000268e-02 8.146470000000000100e-01 0.000000000000000000e+00
7.035879999999999912e-01 -2.933180000000000232e-01 0.000000000000000000e+00
4.956889999999999907e-01 -1.397877999999999954e+00 1.000000000000000000e+00
7.524110000000000520e-01 -7.425610000000000266e-01 1.000000000000000000e+00
5.893319999999999670e-01 1.085363000000000078e+00 0.000000000000000000e+00
-6.140189999999999815e-01 4.859840000000000271e-01 0.000000000000000000e+00
1.360710000000000086e+00 -1.809699999999999920e-01 1.000000000000000000e+00
-5.465700000000000003e-01 -2.206879999999999953e-01 0.000000000000000000e+00
-6.231670000000000265e-01 6.870519999999999960e-01 0.000000000000000000e+00
1.499284000000000061e+00 4.475410000000000221e-01 1.000000000000000000e+00
-8.369529999999999470e-01 4.710320000000000062e-01 0.000000000000000000e+00
1.949460000000000082e-01 -1.263662999999999981e+00 1.000000000000000000e+00
1.170620999999999912e+00 5.692789999999999795e-01 1.000000000000000000e+00
3.470400000000000151e-01 -1.183986999999999901e+00 1.000000000000000000e+00
-6.961580000000000545e-01 -1.294059999999999933e-01 0.000000000000000000e+00
1.262898999999999994e+00 -2.736080000000000179e-01 1.000000000000000000e+00
6.358869999999999800e-01 -5.117000000000000021e-02 0.000000000000000000e+00
-1.900949999999999862e-01 -6.081849999999999756e-01 0.000000000000000000e+00
7.694290000000000296e-01 -5.582160000000000455e-01 1.000000000000000000e+00
-1.153245999999999993e+00 -1.081741000000000064e+00 1.000000000000000000e+00
-8.346069999999999878e-01 -1.267897000000000052e+00 1.000000000000000000e+00
1.016116999999999937e+00 -1.565910000000000080e-01 1.000000000000000000e+00
-3.987439999999999873e-01 -2.324019999999999975e-01 0.000000000000000000e+00
1.531800000000000002e-02 1.614649999999999974e-01 0.000000000000000000e+00
-1.176414000000000071e+00 -1.054432000000000036e+00 1.000000000000000000e+00
8.280509999999999815e-01 2.725779999999999870e-01 0.000000000000000000e+00
1.088475999999999999e+00 1.464123999999999981e+00 1.000000000000000000e+00
2.583600000000000133e-02 1.301720000000000099e-01 0.000000000000000000e+00
-2.818209999999999882e-01 -8.519830000000000458e-01 1.000000000000000000e+00
1.295174999999999965e+00 8.969319999999999515e-01 1.000000000000000000e+00
-1.913340000000000041e-01 1.349271000000000109e+00 1.000000000000000000e+00
-1.193108999999999975e+00 -3.820850000000000080e-01 1.000000000000000000e+00
1.396409999999999929e+00 6.617000000000000659e-02 1.000000000000000000e+00
-1.432150999999999952e+00 9.733309999999999462e-01 1.000000000000000000e+00
-4.834780000000000189e-01 -4.215300000000000297e-02 0.000000000000000000e+00
-1.811850000000000127e-01 -1.448296999999999946e+00 1.000000000000000000e+00
1.194687000000000054e+00 1.024159999999999932e-01 1.000000000000000000e+00
6.651890000000000303e-01 -1.123451999999999895e+00 1.000000000000000000e+00
1.023134999999999906e+00 -2.566260000000000208e-01 1.000000000000000000e+00
-8.243040000000000367e-01 2.908220000000000249e-01 0.000000000000000000e+00
3.474499999999999811e-02 4.645130000000000092e-01 0.000000000000000000e+00
8.805899999999999839e-02 -1.207997999999999905e+00 1.000000000000000000e+00
-1.129560000000000008e-01 5.424860000000000237e-01 0.000000000000000000e+00
1.575830000000000009e-01 -9.057469999999999688e-01 1.000000000000000000e+00
-5.106000000000000122e-02 -2.616890000000000049e-01 0.000000000000000000e+00
5.231729999999999992e-01 -1.092781000000000002e+00 1.000000000000000000e+00
-8.464460000000000317e-01 3.283460000000000267e-01 0.000000000000000000e+00
1.255609999999999893e+00 -6.270599999999999785e-02 1.000000000000000000e+00
-2.392920000000000047e-01 -9.905410000000000048e-01 1.000000000000000000e+00
-1.447960000000000080e-01 7.680090000000000527e-01 0.000000000000000000e+00
-1.266238999999999892e+00 6.744100000000000095e-02 1.000000000000000000e+00
3.280339999999999923e-01 2.357920000000000016e-01 0.000000000000000000e+00
-1.180717000000000017e+00 -2.437120000000000120e-01 1.000000000000000000e+00
1.061253999999999920e+00 -6.099329999999999474e-01 1.000000000000000000e+00
-2.952000000000000110e-02 -1.701499999999999888e-02 0.000000000000000000e+00
-1.284292999999999907e+00 3.031190000000000273e-01 1.000000000000000000e+00
6.105920000000000236e-01 5.627539999999999765e-01 0.000000000000000000e+00
-4.520580000000000154e-01 1.278145000000000087e+00 1.000000000000000000e+00
1.069209999999999994e+00 1.072194000000000091e+00 1.000000000000000000e+00
-2.896549999999999958e-01 5.688509999999999955e-01 0.000000000000000000e+00
-9.348760000000000403e-01 4.846520000000000272e-01 0.000000000000000000e+00
-1.715300000000000158e-02 4.687669999999999892e-01 0.000000000000000000e+00
1.955639999999999878e-01 1.200164000000000009e+00 1.000000000000000000e+00
6.448999999999999871e-03 -5.272219999999999684e-01 0.000000000000000000e+00
-5.238169999999999771e-01 -4.445999999999999952e-01 0.000000000000000000e+00
-1.445052999999999921e+00 2.485279999999999989e-01 1.000000000000000000e+00
1.335358999999999963e+00 1.035720999999999892e+00 1.000000000000000000e+00
3.514860000000000206e-01 -1.279773000000000049e+00 1.000000000000000000e+00
-1.415886999999999896e+00 -4.862929999999999753e-01 1.000000000000000000e+00
-1.131045999999999996e+00 1.410045999999999911e+00 1.000000000000000000e+00
-3.700099999999999917e-02 9.652190000000000492e-01 0.000000000000000000e+00
-1.338195999999999941e+00 -9.676660000000000261e-01 1.000000000000000000e+00
-1.125879999999999992e+00 5.293060000000000542e-01 0.000000000000000000e+00
7.997800000000000464e-01 -4.095840000000000036e-01 1.000000000000000000e+00
4.470259999999999789e-01 -3.494019999999999904e-01 0.000000000000000000e+00
-8.362500000000000488e-02 -7.043260000000000076e-01 0.000000000000000000e+00
-1.200571000000000055e+00 1.039997000000000060e+00 1.000000000000000000e+00
-1.037339999999999929e+00 -1.079288999999999943e+00 1.000000000000000000e+00
-9.813450000000000228e-01 1.055425999999999975e+00 1.000000000000000000e+00
9.718229999999999924e-01 1.226804000000000006e+00 1.000000000000000000e+00
1.374200000000000088e+00 1.269193000000000016e+00 1.000000000000000000e+00
-6.433200000000000029e-02 -4.926900000000000029e-02 0.000000000000000000e+00
2.964760000000000173e-01 6.993899999999999562e-01 0.000000000000000000e+00
-8.550699999999999967e-02 -2.944510000000000183e-01 0.000000000000000000e+00
-6.675440000000000262e-01 3.104239999999999777e-01 0.000000000000000000e+00
1.295749000000000040e+00 2.403899999999999926e-01 1.000000000000000000e+00
