-9.978970000000000340e-01 -5.378020000000000023e-01 1.000000000000000000e+00
-5.616799999999999571e-01 -1.160821000000000103e+00 1.000000000000000000e+00
1.180225000000000080e+00 6.765470000000000095e-01 1.000000000000000000e+00
-1.389399000000000051e+00 -1.219410000000000105e+00 1.000000000000000000e+00
9.318239999999999856e-01 8.428959999999999786e-01 0.000000000000000000e+00
-4.765980000000000216e-01 -1.442191999999999918e+00 1.000000000000000000e+00
-8.719500000000000028e-01 -4.955789999999999917e-01 1.000000000000000000e+00
1.928600000000000106e-02 -1.204904999999999893e+00 1.000000000000000000e+00
1.285606000000000027e+00 1.275911999999999935e+00 1.000000000000000000e+00
-1.498383000000000020e+00 1.456647000000000025e+00 1.000000000000000000e+00
5.055969999999999631e-01 2.878160000000000163e-01 0.000000000000000000e+00
-3.319739999999999913e-01 -7.079299999999999482e-01 0.000000000000000000e+00
-7.236850000000000227e-01 -1.254159999999999942e+00 1.000000000000000000e+00
1.903960000000000097e-01 -1.065890000000000004e+00 1.000000000000000000e+00
-1.313970000000000082e+00 -7.275909999999999878e-01 1.000000000000000000e+00
1.109717000000000064e+00 -7.335469999999999491e-01 1.000000000000000000e+00
-7.142560000000000020e-01 1.292724999999999902e+00 1.000000000000000000e+00
4.629969999999999919e-01 -2.067049999999999998e-01 0.000000000000000000e+00
-1.022135999999999934e+00 -9.416459999999999830e-01 1.000000000000000000e+00
2.237689999999999957e-01 -1.045145999999999908e+00 1.000000000000000000e+00
-7.401649999999999618e-01 1.037584000000000062e+00 0.000000000000000000e+00
4.672189999999999954e-01 7.407650000000000068e-01 0.000000000000000000e+00
1.173119999999999996e-01 -1.318815000000000071e+00 1.000000000000000000e+00
1.205286000000000080e+00 1.154484000000000066e+00 1.000000000000000000e+00
5.057509999999999506e-01 1.399888000000000021e+00 1.000000000000000000e+00
7.404789999999999983e-01 -1.471754999999999924e+00 1.000000000000000000e+00
-2.848700000000000121e-01 -2.090519999999999878e-01 0.000000000000000000e+00
-8.959890000000000354e-01 -6.718180000000000263e-01 1.000000000000000000e+00
-1.459748000000000046e+00 1.221832999999999947e+00 1.000000000000000000e+00
-4.609210000000000251e-01 -8.590670000000000250e-01 1.000000000000000000e+00
5.191839999999999788e-01 3.235910000000000175e-01 0.000000000000000000e+00
8.078920000000000545e-01 7.462699999999999889e-01 0.000000000000000000e+00
