-9.978970000000000340e-01 -5.378020000000000023e-01 1.000000000000000000e+00
-5.616799999999999571e-01 -1.160821000000000103e+00 1.000000000000000000e+00
1.180225000000000080e+00 6.765470000000000095e-01 1.000000000000000000e+00
-1.389399000000000051e+00 -1.219410000000000105e+00 1.000000000000000000e+00
9.318239999999999856e-01 8.428959999999999786e-01 0.000000000000000000e+00
-4.765980000000000216e-01 -1.442191999999999918e+00 1.000000000000000000e+00
-8.719500000000000028e-01 -4.955789999999999917e-01 1.000000000000000000e+00
1.928600000000000106e-02 -1.204904999999999893e+00 1.000000000000000000e+00
1.285606000000000027e+00 1.275911999999999935e+00 1.000000000000000000e+00
-1.498383000000000020e+00 1.456647000000000025e+00 1.000000000000000000e+00
5.055969999999999631e-01 2.878160000000000163e-01 0.000000000000000000e+00
-3.319739999999999913e-01 -7.079299999999999482e-01 0.000000000000000000e+00
-7.236850000000000227e-01 -1.254159999999999942e+00 1.000000000000000000e+00
1.903960000000000097e-01 -1.065890000000000004e+00 1.000000000000000000e+00
-1.313970000000000082e+00 -7.275909999999999878e-01 1.000000000000000000e+00
1.109717000000000064e+00 -7.335469999999999491e-01 1.000000000000000000e+00
-7.142560000000000020e-01 1.292724999999999902e+00 1.000000000000000000e+00
4.629969999999999919e-01 -2.067049999999999998e-01 0.000000000000000000e+00
-1.022135999999999934e+00 -9.416459999999999830e-01 1.000000000000000000e+00
2.237689999999999957e-01 -1.045145999999999908e+00 1.000000000000000000e+00
-7.401649999999999618e-01 1.037584000000000062e+00 0.000000000000000000e+00
4.672189999999999954e-01 7.407650000000000068e-01 0.000000000000000000e+00
1.173119999999999996e-01 -1.318815000000000071e+00 1.000000000000000000e+00
1.205286000000000080e+00 1.154484000000000066e+00 1.000000000000000000e+00
5.057509999999999506e-01 1.399888000000000021e+00 1.000000000000000000e+00
7.404789999999999983e-01 -1.471754999999999924e+00 1.000000000000000000e+00
-2.848700000000000121e-01 -2.090519999999999878e-01 0.000000000000000000e+00
-8.959890000000000354e-01 -6.718180000000000263e-01 1.000000000000000000e+00
-1.459748000000000046e+00 1.221832999999999947e+00 1.000000000000000000e+00
-4.609210000000000251e-01 -8.590670000000000250e-01 1.000000000000000000e+00
5.191839999999999788e-01 3.235910000000000175e-01 0.000000000000000000e+00
8.078920000000000545e-01 7.462699999999999889e-01 0.000000000000000000e+00
-1.485484999999999944e+00 6.188059999999999672e-01 1.000000000000000000e+00
1.326810999999999963e+00 -1.074132000000000087e+00 1.000000000000000000e+00
4.540830000000000144e-01 -1.083809999999999940e+00 1.000000000000000000e+00
-2.628099999999999881e-01 -1.494542999999999955e+00 1.000000000000000000e+00
1.443067000000000100e+00 -1.446787999999999963e+00 1.000000000000000000e+00
-1.134811999999999932e+00 -1.114184000000000063e+00 1.000000000000000000e+00
8.762079999999999869e-01 -1.426493999999999929e+00 1.000000000000000000e+00
-7.219879999999999631e-01 -9.997759999999999980e-01 1.000000000000000000e+00
-4.694399999999999962e-02 5.387420000000000542e-01 0.000000000000000000e+00
-1.030389999999999917e+00 -9.990820000000000256e-01 1.000000000000000000e+00
7.651800000000000268e-02 8.146470000000000100e-01 0.000000000000000000e+00
7.035879999999999912e-01 -2.933180000000000232e-01 0.000000000000000000e+00
4.956889999999999907e-01 -1.397877999999999954e+00 1.000000000000000000e+00
7.524110000000000520e-01 -7.425610000000000266e-01 1.000000000000000000e+00
5.893319999999999670e-01 1.085363000000000078e+00 0.000000000000000000e+00
-6.140189999999999815e-01 4.859840000000000271e-01 0.000000000000000000e+00
1.360710000000000086e+00 -1.809699999999999920e-01 1.000000000000000000e+00
-5.465700000000000003e-01 -2.206879999999999953e-01 0.000000000000000000e+00
-6.231670000000000265e-01 6.870519999999999960e-01 0.000000000000000000e+00
1.499284000000000061e+00 4.475410000000000221e-01 1.000000000000000000e+00
-8.369529999999999470e-01 4.710320000000000062e-01 0.000000000000000000e+00
1.949460000000000082e-01 -1.263662999999999981e+00 1.000000000000000000e+00
1.170620999999999912e+00 5.692789999999999795e-01 1.000000000000000000e+00
3.470400000000000151e-01 -1.183986999999999901e+00 1.000000000000000000e+00
-6.961580000000000545e-01 -1.294059999999999933e-01 0.000000000000000000e+00
1.262898999999999994e+00 -2.736080000000000179e-01 1.000000000000000000e+00
6.358869999999999800e-01 -5.117000000000000021e-02 0.000000000000000000e+00
-1.900949999999999862e-01 -6.081849999999999756e-01 0.000000000000000000e+00
7.694290000000000296e-01 -5.582160000000000455e-01 1.000000000000000000e+00
-1.153245999999999993e+00 -1.081741000000000064e+00 1.000000000000000000e+00
-8.346069999999999878e-01 -1.267897000000000052e+00 1.000000000000000000e+00
1.016116999999999937e+00 -1.565910000000000080e-01 1.000000000000000000e+00
-3.987439999999999873e-01 -2.324019999999999975e-01 0.000000000000000000e+00
1.531800000000000002e-02 1.614649999999999974e-01 0.000000000000000000e+00
-1.176414000000000071e+00 -1.054432000000000036e+00 1.000000000000000000e+00
8.280509999999999815e-01 2.725779999999999870e-01 0.000000000000000000e+00
1.088475999999999999e+00 1.464123999999999981e+00 1.000000000000000000e+00
2.583600000000000133e-02 1.301720000000000099e-01 0.000000000000000000e+00
-2.818209999999999882e-01 -8.519830000000000458e-01 1.000000000000000000e+00
1.295174999999999965e+00 8.969319999999999515e-01 1.000000000000000000e+00
-1.913340000000000041e-01 1.349271000000000109e+00 1.000000000000000000e+00
-1.193108999999999975e+00 -3.820850000000000080e-01 1.000000000000000000e+00
1.396409999999999929e+00 6.617000000000000659e-02 1.000000000000000000e+00
-1.432150999999999952e+00 9.733309999999999462e-01 1.000000000000000000e+00
-4.834780000000000189e-01 -4.215300000000000297e-02 0.000000000000000000e+00
-1.811850000000000127e-01 -1.448296999999999946e+00 1.000000000000000000e+00
1.194687000000000054e+00 1.024159999999999932e-01 1.000000000000000000e+00
6.651890000000000303e-01 -1.123451999999999895e+00 1.000000000000000000e+00
1.023134999999999906e+00 -2.566260000000000208e-01 1.000000000000000000e+00
-8.243040000000000367e-01 2.908220000000000249e-01 0.000000000000000000e+00
3.474499999999999811e-02 4.645130000000000092e-01 0.000000000000000000e+00
8.805899999999999839e-02 -1.207997999999999905e+00 1.000000000000000000e+00
-1.129560000000000008e-01 5.424860000000000237e-01 0.000000000000000000e+00
1.575830000000000009e-01 -9.057469999999999688e-01 1.000000000000000000e+00
-5.106000000000000122e-02 -2.616890000000000049e-01 0.000000000000000000e+00
5.231729999999999992e-01 -1.092781000000000002e+00 1.000000000000000000e+00
-8.464460000000000317e-01 3.283460000000000267e-01 0.000000000000000000e+00
1.255609999999999893e+00 -6.270599999999999785e-02 1.000000000000000000e+00
-2.392920000000000047e-01 -9.905410000000000048e-01 1.000000000000000000e+00
-1.447960000000000080e-01 7.680090000000000527e-01 0.000000000000000000e+00
-1.266238999999999892e+00 6.744100000000000095e-02 1.000000000000000000e+00
3.280339999999999923e-01 2.357920000000000016e-01 0.000000000000000000e+00
-1.180717000000000017e+00 -2.437120000000000120e-01 1.000000000000000000e+00
1.061253999999999920e+00 -6.099329999999999474e-01 1.000000000000000000e+00
-2.952000000000000110e-02 -1.701499999999999888e-02 0.000000000000000000e+00
-1.284292999999999907e+00 3.031190000000000273e-01 1.000000000000000000e+00
6.105920000000000236e-01 5.627539999999999765e-01 0.000000000000000000e+00
-4.520580000000000154e-01 1.278145000000000087e+00 1.000000000000000000e+00
1.069209999999999994e+00 1.072194000000000091e+00 1.000000000000000000e+00
-2.896549999999999958e-01 5.688509999999999955e-01 0.000000000000000000e+00
-9.348760000000000403e-01 4.846520000000000272e-01 0.000000000000000000e+00
-1.715300000000000158e-02 4.687669999999999892e-01 0.000000000000000000e+00
1.955639999999999878e-01 1.200164000000000009e+00 1.000000000000000000e+00
6.448999999999999871e-03 -5.272219999999999684e-01 0.000000000000000000e+00
-5.238169999999999771e-01 -4.445999999999999952e-01 0.000000000000000000e+00
-1.445052999999999921e+00 2.485279999999999989e-01 1.000000000000000000e+00
1.335358999999999963e+00 1.035720999999999892e+00 1.000000000000000000e+00
3.514860000000000206e-01 -1.279773000000000049e+00 1.000000000000000000e+00
-1.415886999999999896e+00 -4.862929999999999753e-01 1.000000000000000000e+00
-1.131045999999999996e+00 1.410045999999999911e+00 1.000000000000000000e+00
-3.700099999999999917e-02 9.652190000000000492e-01 0.000000000000000000e+00
-1.338195999999999941e+00 -9.676660000000000261e-01 1.000000000000000000e+00
-1.125879999999999992e+00 5.293060000000000542e-01 0.000000000000000000e+00
7.997800000000000464e-01 -4.095840000000000036e-01 1.000000000000000000e+00
4.470259999999999789e-01 -3.494019999999999904e-01 0.000000000000000000e+00
-8.362500000000000488e-02 -7.043260000000000076e-01 0.000000000000000000e+00
-1.200571000000000055e+00 1.039997000000000060e+00 1.000000000000000000e+00
-1.037339999999999929e+00 -1.079288999999999943e+00 1.000000000000000000e+00
-9.813450000000000228e-01 1.055425999999999975e+00 1.000000000000000000e+00
9.718229999999999924e-01 1.226804000000000006e+00 1.000000000000000000e+00
1.374200000000000088e+00 1.269193000000000016e+00 1.000000000000000000e+00
-6.433200000000000029e-02 -4.926900000000000029e-02 0.000000000000000000e+00
2.964760000000000173e-01 6.993899999999999562e-01 0.000000000000000000e+00
-8.550699999999999967e-02 -2.944510000000000183e-01 0.000000000000000000e+00
-6.675440000000000262e-01 3.104239999999999777e-01 0.000000000000000000e+00
1.295749000000000040e+00 2.403899999999999926e-01 1.000000000000000000e+00
-1.193729000000000040e+00 9.373059999999999725e-01 1.000000000000000000e+00
-5.026500000000000412e-01 2.299599999999999908e-02 0.000000000000000000e+00
1.418012000000000050e+00 5.726400000000000379e-01 1.000000000000000000e+00
-1.200080000000000036e-01 8.271939999999999849e-01 0.000000000000000000e+00
-1.033573000000000075e+00 -1.946539999999999937e-01 1.000000000000000000e+00
9.272319999999999451e-01 2.541559999999999930e-01 0.000000000000000000e+00
-3.347809999999999953e-01 -1.380738000000000021e+00 1.000000000000000000e+00
1.277484999999999982e+00 -5.673200000000000465e-01 1.000000000000000000e+00
2.121520000000000072e-01 7.593830000000000302e-01 0.000000000000000000e+00
-1.228806999999999983e+00 5.744179999999999842e-01 1.000000000000000000e+00
-5.365299999999999514e-01 1.156727000000000061e+00 0.000000000000000000e+00
7.049959999999999560e-01 1.123766000000000043e+00 0.000000000000000000e+00
1.387634000000000034e+00 1.258383999999999947e+00 1.000000000000000000e+00
-7.829519999999999813e-01 1.150198000000000054e+00 0.000000000000000000e+00
9.764540000000000441e-01 -9.459140000000000326e-01 1.000000000000000000e+00
-5.930170000000000163e-01 -2.999200000000000130e-02 0.000000000000000000e+00
-6.307439999999999714e-01 1.967079999999999940e-01 0.000000000000000000e+00
-6.403520000000000323e-01 8.237449999999999495e-01 0.000000000000000000e+00
-5.372479999999999478e-01 1.190874999999999906e+00 0.000000000000000000e+00
-2.127989999999999882e-01 7.667399999999999771e-01 0.000000000000000000e+00
-6.976909999999999501e-01 1.481540000000000079e+00 1.000000000000000000e+00
4.881770000000000276e-01 -1.435281999999999947e+00 1.000000000000000000e+00
4.323549999999999893e-01 1.156676999999999955e+00 0.000000000000000000e+00
1.109507999999999939e+00 -9.532690000000000330e-01 1.000000000000000000e+00
1.106387999999999927e+00 7.863550000000000262e-01 1.000000000000000000e+00
1.294475000000000042e+00 -1.499962000000000018e+00 1.000000000000000000e+00
1.175410999999999984e+00 -1.099774000000000029e+00 1.000000000000000000e+00
1.299304999999999932e+00 6.462769999999999904e-01 1.000000000000000000e+00
1.092346999999999957e+00 2.855770000000000253e-01 0.000000000000000000e+00
8.975299999999999945e-02 -1.401283999999999974e+00 1.000000000000000000e+00
-5.570359999999999756e-01 -5.739149999999999530e-01 1.000000000000000000e+00
-5.272019999999999484e-01 6.237850000000000339e-01 0.000000000000000000e+00
1.943400000000000127e-01 4.044070000000000165e-01 0.000000000000000000e+00
-1.758450000000000013e-01 -8.052110000000000101e-01 0.000000000000000000e+00
9.372230000000000283e-01 1.394816000000000056e+00 1.000000000000000000e+00
-1.712950000000000028e-01 3.635349999999999970e-01 0.000000000000000000e+00
1.279139000000000026e+00 7.431560000000000388e-01 1.000000000000000000e+00
-5.735329999999999595e-01 1.137159999999999949e+00 0.000000000000000000e+00
2.611120000000000108e-01 9.908780000000000365e-01 0.000000000000000000e+00
4.034869999999999846e-01 2.579230000000000134e-01 0.000000000000000000e+00
-4.357369999999999854e-01 1.413877000000000050e+00 1.000000000000000000e+00
-8.277999999999999803e-01 1.224725000000000064e+00 1.000000000000000000e+00
2.418829999999999869e-01 -2.569099999999999856e-02 0.000000000000000000e+00
7.499109999999999943e-01 3.457810000000000050e-01 0.000000000000000000e+00
1.097170999999999896e+00 1.309895999999999949e+00 1.000000000000000000e+00
1.063819999999999988e+00 -6.712860000000000493e-01 1.000000000000000000e+00
4.468559999999999754e-01 2.963210000000000011e-01 0.000000000000000000e+00
-1.472318000000000016e+00 -1.214240999999999904e+00 1.000000000000000000e+00
1.095169999999999977e+00 1.012583999999999929e+00 1.000000000000000000e+00
7.011640000000000095e-01 -5.273849999999999927e-01 1.000000000000000000e+00
1.238620999999999972e+00 1.455729999999999968e+00 1.000000000000000000e+00
3.051559999999999828e-01 -5.119590000000000529e-01 0.000000000000000000e+00
-8.624610000000000332e-01 -1.388247000000000009e+00 1.000000000000000000e+00
4.939490000000000269e-01 3.262360000000000260e-01 0.000000000000000000e+00
-7.420489999999999586e-01 8.497660000000000213e-01 0.000000000000000000e+00
-3.529199999999999698e-02 -9.032980000000000453e-01 0.000000000000000000e+00
1.198835000000000095e+00 2.828240000000000198e-01 1.000000000000000000e+00
3.461699999999999777e-01 1.347313999999999901e+00 1.000000000000000000e+00
2.451059999999999905e-01 -2.354920000000000069e-01 0.000000000000000000e+00
1.450156999999999918e+00 -6.326009999999999689e-01 1.000000000000000000e+00
5.082349999999999923e-01 -2.932629999999999959e-01 0.000000000000000000e+00
-2.216339999999999977e-01 9.574479999999999658e-01 0.000000000000000000e+00
1.105216999999999894e+00 -6.689659999999999496e-01 1.000000000000000000e+00
1.834040000000000115e-01 -6.193300000000000471e-01 0.000000000000000000e+00
-4.837420000000000053e-01 5.143870000000000386e-01 0.000000000000000000e+00
1.135402000000000022e+00 2.952799999999999869e-01 1.000000000000000000e+00
-8.381629999999999914e-01 3.052399999999999905e-02 0.000000000000000000e+00
7.871719999999999828e-01 2.944149999999999823e-01 0.000000000000000000e+00
-7.453509999999999858e-01 -6.768030000000000435e-01 1.000000000000000000e+00
-7.850420000000000176e-01 -1.181419999999999915e+00 1.000000000000000000e+00
-1.446369999999999878e-01 3.346640000000000170e-01 0.000000000000000000e+00
5.042619999999999880e-01 2.798199999999999993e-02 0.000000000000000000e+00
-9.875559999999999894e-01 -9.724509999999999543e-01 1.000000000000000000e+00
-6.277829999999999799e-01 5.417710000000000026e-01 0.000000000000000000e+00
-3.197209999999999774e-01 3.211800000000000072e-02 0.000000000000000000e+00
1.315128999999999992e+00 1.006504999999999983e+00 1.000000000000000000e+00
-1.860179999999999889e-01 1.012804000000000038e+00 0.000000000000000000e+00
6.311269999999999936e-01 1.462199999999999958e-02 0.000000000000000000e+00
6.248479999999999590e-01 -9.269519999999999982e-01 1.000000000000000000e+00
1.193229000000000095e+00 -1.400303999999999993e+00 1.000000000000000000e+00
-9.117100000000000204e-02 -1.325145000000000017e+00 1.000000000000000000e+00
1.459124000000000088e+00 -5.528399999999999981e-02 1.000000000000000000e+00
-9.475820000000000354e-01 -3.520280000000000076e-01 1.000000000000000000e+00
-8.509929999999999994e-01 -9.329979999999999940e-01 1.000000000000000000e+00
-6.222220000000000528e-01 2.444310000000000094e-01 0.000000000000000000e+00
-7.232950000000000212e-01 6.781430000000000513e-01 0.000000000000000000e+00
-1.024747999999999992e+00 -2.517579999999999818e-01 1.000000000000000000e+00
-7.201049999999999951e-01 2.502659999999999885e-01 0.000000000000000000e+00
-6.498119999999999452e-01 9.757059999999999622e-01 0.000000000000000000e+00
-3.057130000000000125e-01 -1.102603999999999917e+00 1.000000000000000000e+00
-1.034597999999999907e+00 -1.455338000000000021e+00 1.000000000000000000e+00
5.110120000000000218e-01 8.146970000000000045e-01 0.000000000000000000e+00
-1.191632999999999942e+00 -1.000049999999999967e-01 1.000000000000000000e+00
-1.038399999999999913e-02 -1.228946000000000094e+00 1.000000000000000000e+00
-2.860929999999999862e-01 8.787979999999999681e-01 0.000000000000000000e+00
6.317430000000000545e-01 4.117770000000000041e-01 0.000000000000000000e+00
-6.402269999999999905e-01 -1.440998000000000001e+00 1.000000000000000000e+00
9.464700000000000335e-01 8.818099999999999827e-01 0.000000000000000000e+00
-3.735510000000000219e-01 -8.336890000000000134e-01 1.000000000000000000e+00
8.595770000000000355e-01 -1.286213000000000051e+00 1.000000000000000000e+00
-1.071218999999999921e+00 -2.156059999999999921e-01 1.000000000000000000e+00
-5.729319999999999968e-01 -6.851030000000000175e-01 1.000000000000000000e+00
6.574579999999999869e-01 1.524800000000000044e-01 0.000000000000000000e+00
-1.754380000000000106e-01 -1.117154999999999898e+00 1.000000000000000000e+00
1.090099999999999923e-02 -2.332539999999999891e-01 0.000000000000000000e+00
8.506310000000000260e-01 -6.727039999999999687e-01 1.000000000000000000e+00
1.928330000000000044e-01 -1.050629999999999953e+00 1.000000000000000000e+00
-1.006650999999999962e+00 5.925400000000000111e-02 0.000000000000000000e+00
2.189629999999999910e-01 -1.023193000000000019e+00 1.000000000000000000e+00
-6.124100000000000099e-01 -3.584350000000000036e-01 0.000000000000000000e+00
-1.006326000000000054e+00 -4.144820000000000171e-01 1.000000000000000000e+00
-6.533729999999999816e-01 1.099474000000000062e+00 0.000000000000000000e+00
6.090290000000000425e-01 -1.466501999999999972e+00 1.000000000000000000e+00
-1.095433000000000101e+00 -7.301710000000000145e-01 1.000000000000000000e+00
2.707300000000000262e-01 1.181755000000000111e+00 0.000000000000000000e+00
-4.086549999999999905e-01 8.161950000000000038e-01 0.000000000000000000e+00
1.999080000000000024e-01 -7.816659999999999719e-01 0.000000000000000000e+00
7.246620000000000283e-01 -7.109320000000000084e-01 1.000000000000000000e+00
4.311340000000000172e-01 8.118959999999999511e-01 0.000000000000000000e+00
1.757249999999999923e-01 -1.286227999999999927e+00 1.000000000000000000e+00
-1.743310000000000137e-01 -6.232299999999999507e-01 0.000000000000000000e+00
-8.076700000000000546e-02 3.416580000000000172e-01 0.000000000000000000e+00
1.383401000000000103e+00 -1.052089999999999970e+00 1.000000000000000000e+00
1.003592000000000040e+00 -8.331490000000000284e-01 1.000000000000000000e+00
-2.348739999999999994e-01 1.389788999999999941e+00 1.000000000000000000e+00
9.786820000000000519e-01 -7.747760000000000202e-01 1.000000000000000000e+00
7.173180000000000112e-01 -1.285217999999999972e+00 1.000000000000000000e+00
-4.662569999999999770e-01 5.826390000000000180e-01 0.000000000000000000e+00
-1.323007000000000044e+00 1.011650000000000049e-01 1.000000000000000000e+00
-1.424452999999999969e+00 -8.407270000000000021e-01 1.000000000000000000e+00
-9.253200000000000314e-02 5.785400000000000265e-02 0.000000000000000000e+00
1.252045000000000075e+00 9.367999999999999591e-03 1.000000000000000000e+00
8.785929999999999573e-01 5.423300000000000343e-02 0.000000000000000000e+00
1.494250000000000078e+00 6.198679999999999746e-01 1.000000000000000000e+00
7.461069999999999647e-01 7.989100000000000368e-02 0.000000000000000000e+00
-2.321860000000000035e-01 -6.520909999999999762e-01 0.000000000000000000e+00
-7.960310000000000441e-01 -1.089555999999999969e+00 1.000000000000000000e+00
3.566869999999999763e-01 1.447640000000000038e-01 0.000000000000000000e+00
-5.551049999999999596e-01 5.676290000000000502e-01 0.000000000000000000e+00
-7.154239999999999489e-01 -9.506649999999999823e-01 1.000000000000000000e+00
-1.173786999999999914e+00 1.361658999999999953e+00 1.000000000000000000e+00
-1.089080000000000048e-01 -1.419497999999999927e+00 1.000000000000000000e+00
1.403678999999999899e+00 1.282934999999999937e+00 1.000000000000000000e+00
8.774450000000000305e-01 5.482749999999999568e-01 0.000000000000000000e+00
-1.457146000000000052e+00 -1.352651000000000048e+00 1.000000000000000000e+00
-1.290020000000000056e-01 6.537579999999999503e-01 0.000000000000000000e+00
1.440914000000000028e+00 2.012750000000000095e-01 1.000000000000000000e+00
1.213190999999999908e+00 -1.132268000000000052e+00 1.000000000000000000e+00
9.977430000000000465e-01 -1.282102000000000075e+00 1.000000000000000000e+00
-4.161000000000000115e-02 8.202249999999999819e-01 0.000000000000000000e+00
7.590130000000000488e-01 3.008350000000000191e-01 0.000000000000000000e+00
1.354003000000000068e+00 1.330748000000000042e+00 1.000000000000000000e+00
-7.759200000000000541e-01 3.855009999999999826e-01 0.000000000000000000e+00
1.371397999999999895e+00 5.262090000000000378e-01 1.000000000000000000e+00
-3.126030000000000197e-01 1.224999999999999960e-03 0.000000000000000000e+00
1.059438000000000102e+00 3.283519999999999772e-01 0.000000000000000000e+00
3.431089999999999973e-01 -8.175399999999999334e-02 0.000000000000000000e+00
-2.880000000000000181e-03 1.380134999999999890e+00 1.000000000000000000e+00
-1.136454999999999993e+00 -1.002375000000000016e+00 1.000000000000000000e+00
-1.093601000000000045e+00 -8.786180000000000101e-01 1.000000000000000000e+00
1.410902000000000100e+00 -8.269750000000000156e-01 1.000000000000000000e+00
9.419189999999999507e-01 -1.252382000000000106e+00 1.000000000000000000e+00
1.259052000000000060e+00 -6.846470000000000056e-01 1.000000000000000000e+00
-1.204479999999999995e-01 -1.033738000000000046e+00 1.000000000000000000e+00
2.829260000000000108e-01 5.855500000000000288e-02 0.000000000000000000e+00
1.166260999999999992e+00 -1.391081999999999930e+00 1.000000000000000000e+00
-1.706950000000000134e-01 -1.062306999999999890e+00 1.000000000000000000e+00
4.332050000000000067e-01 -1.052025999999999906e+00 1.000000000000000000e+00
8.542119999999999713e-01 -1.555030000000000023e-01 0.000000000000000000e+00
1.478078000000000003e+00 -6.045880000000000143e-01 1.000000000000000000e+00
-4.483240000000000003e-01 2.733840000000000159e-01 0.000000000000000000e+00
-1.925250000000000017e-01 7.478860000000000507e-01 0.000000000000000000e+00
-1.138187999999999978e+00 -7.736099999999999921e-02 1.000000000000000000e+00
-2.684590000000000032e-01 1.328041000000000027e+00 1.000000000000000000e+00
-2.895030000000000103e-01 -5.799370000000000358e-01 0.000000000000000000e+00
-8.683070000000000510e-01 4.759100000000000136e-02 0.000000000000000000e+00
7.060309999999999642e-01 -1.301644999999999941e+00 1.000000000000000000e+00
-7.019509999999999916e-01 6.573799999999999644e-01 0.000000000000000000e+00
1.394916999999999963e+00 -8.839299999999999935e-01 1.000000000000000000e+00
2.352690000000000059e-01 6.158160000000000300e-01 0.000000000000000000e+00
8.205390000000000184e-01 3.528029999999999777e-01 0.000000000000000000e+00
6.164380000000000415e-01 4.827020000000000199e-01 0.000000000000000000e+00
-3.888719999999999954e-01 1.370025999999999966e+00 1.000000000000000000e+00
3.289750000000000174e-01 5.367720000000000269e-01 0.000000000000000000e+00
6.665090000000000181e-01 1.355539000000000049e+00 1.000000000000000000e+00
8.009680000000000133e-01 -7.210600000000000342e-02 0.000000000000000000e+00
-9.399870000000000170e-01 -5.406940000000000079e-01 1.000000000000000000e+00
3.307990000000000097e-01 3.435000000000000119e-03 0.000000000000000000e+00
1.105383000000000004e+00 1.727670000000000039e-01 1.000000000000000000e+00
-5.295530000000000515e-01 1.387146999999999908e+00 1.000000000000000000e+00
1.094317999999999902e+00 1.085599999999999898e+00 1.000000000000000000e+00
1.475579999999999892e+00 -8.012420000000000098e-01 1.000000000000000000e+00
1.069398000000000071e+00 1.247117999999999949e+00 1.000000000000000000e+00
1.444998000000000005e+00 -1.110751000000000044e+00 1.000000000000000000e+00
-6.487039999999999473e-01 -1.456993999999999900e+00 1.000000000000000000e+00
-1.291392000000000095e+00 4.464119999999999755e-01 1.000000000000000000e+00
3.156199999999999978e-02 -1.492458000000000062e+00 1.000000000000000000e+00
8.995819999999999927e-01 8.789160000000000306e-01 0.000000000000000000e+00
-5.103539999999999743e-01 -1.164713000000000109e+00 1.000000000000000000e+00
-1.297706000000000026e+00 -1.251940000000000053e+00 1.000000000000000000e+00
6.231879999999999642e-01 2.567050000000000165e-01 0.000000000000000000e+00
-5.069939999999999447e-01 2.223970000000000113e-01 0.000000000000000000e+00
-1.237573000000000034e+00 1.780090000000000006e-01 1.000000000000000000e+00
-9.976030000000000175e-01 6.560219999999999940e-01 0.000000000000000000e+00
2.840750000000000219e-01 -3.744179999999999731e-01 0.000000000000000000e+00
3.470929999999999849e-01 -2.408550000000000135e-01 0.000000000000000000e+00
-5.157479999999999842e-01 -2.553659999999999819e-01 0.000000000000000000e+00
-4.082930000000000170e-01 -1.189116000000000062e+00 1.000000000000000000e+00
-2.920559999999999823e-01 -8.057860000000000023e-01 1.000000000000000000e+00
3.325170000000000070e-01 -1.468188000000000049e+00 1.000000000000000000e+00
7.278869999999999507e-01 -5.286849999999999605e-01 1.000000000000000000e+00
-6.285340000000000371e-01 1.413823999999999970e+00 1.000000000000000000e+00
-1.095753999999999895e+00 -3.124350000000000183e-01 1.000000000000000000e+00
-4.988100000000000173e-02 9.905159999999999521e-01 0.000000000000000000e+00
1.280424000000000007e+00 -5.247009999999999730e-01 1.000000000000000000e+00
-5.583339999999999970e-01 1.078125000000000000e+00 0.000000000000000000e+00
1.178725999999999940e+00 1.236140000000000017e-01 1.000000000000000000e+00
2.961320000000000063e-01 9.179810000000000469e-01 0.000000000000000000e+00
1.066370999999999958e+00 -4.310200000000000142e-02 1.000000000000000000e+00
-1.051679999999999948e+00 1.280709000000000097e+00 1.000000000000000000e+00
-3.391810000000000103e-01 -1.042569000000000079e+00 1.000000000000000000e+00
9.278499999999999526e-01 8.912109999999999754e-01 0.000000000000000000e+00
1.472571999999999992e+00 -1.769340000000000079e-01 1.000000000000000000e+00
-1.383175999999999961e+00 -9.269190000000000484e-01 1.000000000000000000e+00
9.744999999999999496e-02 -1.129914000000000085e+00 1.000000000000000000e+00
-9.435200000000000253e-01 -1.462731000000000003e+00 1.000000000000000000e+00
1.493810000000000082e+00 -2.345460000000000045e-01 1.000000000000000000e+00
1.033879999999999938e-01 1.188700000000000000e-02 0.000000000000000000e+00
-4.851500000000000257e-02 3.816499999999999754e-02 0.000000000000000000e+00
1.479128999999999916e+00 1.122880000000000100e+00 1.000000000000000000e+00
1.218150999999999984e+00 5.350230000000000263e-01 1.000000000000000000e+00
6.109590000000000298e-01 -1.045360000000000039e-01 0.000000000000000000e+00
-1.230668000000000095e+00 1.045751000000000097e+00 1.000000000000000000e+00
7.739000000000000219e-03 -4.622620000000000062e-01 0.000000000000000000e+00
-7.803889999999999993e-01 -3.838969999999999883e-01 1.000000000000000000e+00
9.991649999999999698e-01 -8.537690000000000001e-01 1.000000000000000000e+00
-5.328100000000000197e-02 2.760909999999999753e-01 0.000000000000000000e+00
7.676499999999999990e-02 5.593939999999999468e-01 0.000000000000000000e+00
-8.234519999999999618e-01 2.870170000000000221e-01 0.000000000000000000e+00
-1.103880000000000000e-01 1.459200999999999970e+00 1.000000000000000000e+00
2.971199999999999952e-01 1.293303000000000091e+00 1.000000000000000000e+00
5.261860000000000426e-01 3.585260000000000113e-01 0.000000000000000000e+00
-5.905620000000000314e-01 4.579400000000000137e-02 0.000000000000000000e+00
-7.006550000000000278e-01 -1.011841999999999908e+00 1.000000000000000000e+00
-1.211027999999999993e+00 -7.175550000000000539e-01 1.000000000000000000e+00
5.791849999999999499e-01 2.856949999999999767e-01 0.000000000000000000e+00
-1.064829999999999943e+00 1.395812000000000053e+00 1.000000000000000000e+00
5.860859999999999959e-01 -2.187429999999999930e-01 0.000000000000000000e+00
-1.208271000000000095e+00 7.364410000000000123e-01 1.000000000000000000e+00
2.047160000000000091e-01 -2.814180000000000015e-01 0.000000000000000000e+00
-7.554669999999999996e-01 1.117869999999999919e+00 0.000000000000000000e+00
5.282980000000000453e-01 1.069565000000000099e+00 0.000000000000000000e+00
-5.705209999999999448e-01 -1.017316000000000109e+00 1.000000000000000000e+00
-1.108514999999999917e+00 8.777949999999999919e-01 1.000000000000000000e+00
1.061814999999999953e+00 -9.990860000000000296e-01 1.000000000000000000e+00
-1.220217000000000107e+00 -6.432160000000000100e-01 1.000000000000000000e+00
3.859219999999999873e-01 1.400414999999999965e+00 1.000000000000000000e+00
5.943519999999999914e-01 -7.910000000000000364e-03 0.000000000000000000e+00
-3.263699999999999934e-01 -2.005869999999999875e-01 0.000000000000000000e+00
7.428010000000000446e-01 1.374670000000000059e+00 1.000000000000000000e+00
9.840090000000000225e-01 -9.050519999999999676e-01 1.000000000000000000e+00
1.007646000000000042e+00 2.943890000000000118e-01 0.000000000000000000e+00
1.109310000000000018e-01 4.245099999999999985e-01 0.000000000000000000e+00
-3.087889999999999802e-01 1.355056000000000038e+00 1.000000000000000000e+00
1.028891999999999918e+00 1.528700000000000024e-02 1.000000000000000000e+00
1.197692999999999897e+00 -5.084720000000000351e-01 1.000000000000000000e+00
-5.703019999999999756e-01 4.981599999999999917e-01 0.000000000000000000e+00
1.553100000000000036e-01 -1.145551999999999904e+00 1.000000000000000000e+00
-1.481802999999999981e+00 1.147539999999999949e-01 1.000000000000000000e+00
1.419860000000000011e-01 -6.791519999999999779e-01 0.000000000000000000e+00
1.200790000000000052e-01 -6.702029999999999932e-01 0.000000000000000000e+00
1.114354000000000067e+00 4.877090000000000036e-01 0.000000000000000000e+00
-7.433920000000000528e-01 -3.697739999999999916e-01 0.000000000000000000e+00
9.587820000000000231e-01 -4.218970000000000220e-01 1.000000000000000000e+00
-5.091780000000000195e-01 -8.602039999999999687e-01 1.000000000000000000e+00
1.021306000000000047e+00 -9.791520000000000223e-01 1.000000000000000000e+00
-9.717029999999999834e-01 -5.765350000000000197e-01 1.000000000000000000e+00
-9.727099999999999635e-01 -1.024319999999999953e-01 1.000000000000000000e+00
2.481130000000000002e-01 1.328770999999999924e+00 1.000000000000000000e+00
1.048761999999999972e+00 -6.857000000000000248e-03 1.000000000000000000e+00
-1.231873999999999914e+00 -1.971699999999999842e-02 1.000000000000000000e+00
-5.724499999999999728e-02 -5.890469999999999873e-01 0.000000000000000000e+00
-5.485400000000000276e-01 2.424910000000000121e-01 0.000000000000000000e+00
-5.805470000000000352e-01 7.633959999999999635e-01 0.000000000000000000e+00
-1.412738000000000049e+00 -3.354219999999999979e-01 1.000000000000000000e+00
-6.662850000000000161e-01 -3.419349999999999890e-01 0.000000000000000000e+00
1.144544999999999924e+00 2.058510000000000062e-01 1.000000000000000000e+00
-1.469920000000000115e-01 -6.110109999999999708e-01 0.000000000000000000e+00
-3.459940000000000238e-01 -4.734479999999999800e-01 0.000000000000000000e+00
-9.373989999999999823e-01 -1.205313999999999997e+00 1.000000000000000000e+00
-9.324100000000000443e-02 1.378946000000000005e+00 1.000000000000000000e+00
-1.400071000000000065e+00 -7.403549999999999853e-01 1.000000000000000000e+00
-1.830080000000000040e-01 1.494893000000000027e+00 1.000000000000000000e+00
1.277271999999999963e+00 9.746310000000000251e-01 1.000000000000000000e+00
-9.691410000000000302e-01 -5.469000000000000250e-02 0.000000000000000000e+00
-1.433020000000000127e-01 1.156427000000000094e+00 1.000000000000000000e+00
-1.457853000000000065e+00 1.073943000000000092e+00 1.000000000000000000e+00
1.090751999999999944e+00 4.481319999999999748e-01 0.000000000000000000e+00
-6.402489999999999570e-01 -1.153866999999999976e+00 1.000000000000000000e+00
1.153343000000000007e+00 -1.225232000000000099e+00 1.000000000000000000e+00
6.534510000000000041e-01 -2.680000000000000160e-01 0.000000000000000000e+00
-5.614759999999999751e-01 -1.086260000000000003e+00 1.000000000000000000e+00
3.038080000000000225e-01 1.392093000000000025e+00 1.000000000000000000e+00
-1.124470000000000053e-01 -1.486247000000000096e+00 1.000000000000000000e+00
3.607000000000000206e-01 -1.075045999999999946e+00 1.000000000000000000e+00
3.014399999999999857e-01 7.490109999999999824e-01 0.000000000000000000e+00
-1.730130000000000001e-01 1.225857999999999892e+00 1.000000000000000000e+00
9.459830000000000183e-01 4.832999999999999796e-02 0.000000000000000000e+00
1.003006999999999982e+00 -9.232510000000000439e-01 1.000000000000000000e+00
-7.250600000000000378e-01 9.628569999999999629e-01 0.000000000000000000e+00
6.344509999999999872e-01 -2.772209999999999952e-01 0.000000000000000000e+00
-5.315199999999999786e-02 6.372630000000000239e-01 0.000000000000000000e+00
-5.143349999999999866e-01 1.476793999999999940e+00 1.000000000000000000e+00
-8.073749999999999538e-01 -1.359124999999999917e+00 1.000000000000000000e+00
9.859099999999999808e-02 8.180870000000000086e-01 0.000000000000000000e+00
-1.174744000000000010e+00 9.859459999999999891e-01 1.000000000000000000e+00
6.003410000000000135e-01 6.525819999999999954e-01 0.000000000000000000e+00
-1.038068999999999908e+00 -2.940329999999999888e-01 1.000000000000000000e+00
-1.223376999999999937e+00 7.722710000000000408e-01 1.000000000000000000e+00
-6.137479999999999603e-01 -8.922090000000000298e-01 1.000000000000000000e+00
6.115909999999999958e-01 -1.051698999999999939e+00 1.000000000000000000e+00
-1.411386999999999947e+00 3.898659999999999903e-01 1.000000000000000000e+00
3.370420000000000083e-01 -1.401207000000000091e+00 1.000000000000000000e+00
1.496202999999999950e+00 3.250250000000000083e-01 1.000000000000000000e+00
1.330899999999999972e+00 1.643129999999999868e-01 1.000000000000000000e+00
7.103800000000000392e-02 5.845029999999999948e-01 0.000000000000000000e+00
-7.696840000000000348e-01 -1.794709999999999916e-01 0.000000000000000000e+00
6.581529999999999880e-01 -8.183939999999999548e-01 1.000000000000000000e+00
1.177030000000000021e+00 -1.166625999999999941e+00 1.000000000000000000e+00
3.646340000000000137e-01 7.318900000000000405e-01 0.000000000000000000e+00
9.467659999999999965e-01 -3.438700000000000090e-01 1.000000000000000000e+00
9.917789999999999662e-01 4.220399999999999846e-02 0.000000000000000000e+00
-1.189808999999999894e+00 -3.138960000000000083e-01 1.000000000000000000e+00
-3.763190000000000146e-01 -2.733849999999999891e-01 0.000000000000000000e+00
3.434570000000000123e-01 1.260326000000000057e+00 1.000000000000000000e+00
1.245676000000000005e+00 1.457970000000000099e-01 1.000000000000000000e+00
9.866239999999999455e-01 -4.160739999999999994e-01 1.000000000000000000e+00
1.353502999999999901e+00 -1.349009999999999931e-01 1.000000000000000000e+00
1.754290000000000016e-01 5.600629999999999775e-01 0.000000000000000000e+00
4.155349999999999877e-01 1.370281000000000082e+00 1.000000000000000000e+00
-2.062650000000000039e-01 1.569210000000000049e-01 0.000000000000000000e+00
-4.869229999999999947e-01 1.220547999999999966e+00 0.000000000000000000e+00
1.095334999999999948e+00 9.757679999999999687e-01 1.000000000000000000e+00
-4.087489999999999735e-01 6.208730000000000082e-01 0.000000000000000000e+00
-5.417300000000000448e-01 1.390946000000000016e+00 1.000000000000000000e+00
-5.112020000000000453e-01 3.417760000000000242e-01 0.000000000000000000e+00
-1.109542999999999946e+00 1.463808999999999916e+00 1.000000000000000000e+00
-1.068019000000000052e+00 3.686479999999999757e-01 0.000000000000000000e+00
2.369340000000000057e-01 2.229599999999999915e-01 0.000000000000000000e+00
6.158259999999999845e-01 -4.507030000000000203e-01 0.000000000000000000e+00
-4.202770000000000117e-01 -1.458307000000000020e+00 1.000000000000000000e+00
-5.417100000000000248e-01 -1.401748999999999912e+00 1.000000000000000000e+00
1.598999999999999866e-01 6.758539999999999548e-01 0.000000000000000000e+00
1.081075000000000008e+00 -1.285409999999999942e+00 1.000000000000000000e+00
4.446229999999999905e-01 1.378646000000000038e+00 1.000000000000000000e+00
1.388301999999999925e+00 1.443464999999999998e+00 1.000000000000000000e+00
7.552020000000000399e-01 1.183267999999999986e+00 0.000000000000000000e+00
1.773790000000000089e-01 2.946239999999999970e-01 0.000000000000000000e+00
-1.321469999999999922e+00 -3.962579999999999991e-01 1.000000000000000000e+00
7.310800000000000631e-02 -1.104630000000000056e-01 0.000000000000000000e+00
-9.603599999999999637e-02 1.499441999999999942e+00 1.000000000000000000e+00
-1.315846000000000071e+00 -1.143645000000000023e+00 1.000000000000000000e+00
-1.436115000000000030e+00 1.490410000000000068e-01 1.000000000000000000e+00
1.336394000000000082e+00 -4.935500000000000304e-02 1.000000000000000000e+00
-2.732870000000000021e-01 -1.060616999999999921e+00 1.000000000000000000e+00
7.379219999999999668e-01 7.428850000000000176e-01 0.000000000000000000e+00
4.733010000000000272e-01 1.445284000000000013e+00 1.000000000000000000e+00
-1.486455000000000082e+00 -4.336909999999999932e-01 1.000000000000000000e+00
1.006679000000000102e+00 -1.140824999999999978e+00 1.000000000000000000e+00
8.053599999999999648e-01 2.400529999999999886e-01 0.000000000000000000e+00
1.610270000000000035e-01 2.972170000000000090e-01 0.000000000000000000e+00
2.654159999999999853e-01 -3.660299999999999665e-02 0.000000000000000000e+00
3.013520000000000088e-01 1.383054999999999923e+00 1.000000000000000000e+00
-4.498500000000000276e-01 1.382069999999999965e-01 0.000000000000000000e+00
5.254419999999999646e-01 -7.883820000000000272e-01 1.000000000000000000e+00
1.331604000000000010e+00 -5.283000000000000196e-02 1.000000000000000000e+00
-3.290270000000000139e-01 5.802929999999999477e-01 0.000000000000000000e+00
2.743099999999999983e-01 3.604700000000000265e-02 0.000000000000000000e+00
8.279879999999999463e-01 9.987200000000000244e-02 0.000000000000000000e+00
-8.130960000000000409e-01 8.522549999999999848e-01 0.000000000000000000e+00
-2.199669999999999959e-01 1.253271999999999942e+00 1.000000000000000000e+00
-6.242839999999999501e-01 -1.181761000000000061e+00 1.000000000000000000e+00
-5.239880000000000093e-01 -2.374120000000000119e-01 0.000000000000000000e+00
7.603119999999999878e-01 -7.387550000000000505e-01 1.000000000000000000e+00
